0001000000000000010000010
0101000000000000101000001
1100000000000000000000000
1100000001000100000100101
1100000011000000010100110
1100000000000000000100000
1100000000000000000000000
1100000000000000000100000
0001100010001011100000011
0011000011111010000000100
0101100000010111000000111
1100000000000000000000000
1100000000000000000100000
1100000000000000000000000
1100000000000000000100000
1100000000000000000000000
1100000000000000000100000
1100000000000000000000000
1100000000000000000100000
1100000000000000000000000
1100000000000000000100000
1100000000000000000000000
1100000000000000000100000
1000000100000010011101011
1001100100001110000101111
1100000000000000000000000
1100000000000000000100000
1100000000000000000000000
1100000000000000000100000
1100000000000000000000000
1100000000000000000100000
1100000000000000000000000
1100000000000000000100000
1100000000000000000000000
1100000000000000000100000
1100000000000000000000000
1100000000000000000100000
1100000000000000000000000
1100000000000000000100000
1100000000000000000000000
1100000000000000000100000
1100000000000000000000000
1100000000000000000100000
1100000000000000000000000
1100000000000000000100000
1100000000000000000000000
1100000000000000000100000
1100000000000000000000000
1100001100000000010010000
0010000000000001100110001
0001000000000011001010010
1100000011000001000110011
1100000011000001001010100
1100000000000000000000000
1100000000000000000100000
1100000000000000000000000
1100000000000000000100000
1100000000000000000000000
1100000000000000000100000
0011111111111110001010101 
1000010001101010010010110
1100000000000000000000000
1100000000000000000100000
1100000000000000000000000
